_same with test1.txt (INEQUALITIES --> FACETS) on 2.0 (web service).
INEQUALITIES
0 -1 0 0 0 0 0 -1 0 0 0 0 0 0
0 0 -1 0 0 0 0 0 -1 0 0 0 0 0
0 0 0 -1 0 0 0 0 0 -1 0 0 0 0
0 0 0 0 -1 0 0 0 0 0 -1 0 0 0
0 0 0 0 0 -1 0 0 0 0 0 -1 0 0
0 0 0 0 0 0 -1 0 0 0 0 0 -1 0
0 0 0 0 0 0 0 0 0 0 0 0 0 -1
0 0 0 0 0 0 0 0 0 0 0 0 0 1
0 0 0 0 0 0 1 0 0 0 0 0 1 0
0 0 0 0 0 1 0 0 0 0 0 1 0 0
0 0 0 0 1 0 0 0 0 0 1 0 0 0
0 0 0 1 0 0 0 0 0 1 0 0 0 0
0 0 1 0 0 0 0 0 1 0 0 0 0 0
0 1 0 0 0 0 0 1 0 0 0 0 0 0

VERTICES
0 1 0 0 0 0 0 -1 0 0 0 0 0 0
0 -1 0 0 0 0 0 1 0 0 0 0 0 0
0 0 1 0 0 0 0 0 -1 0 0 0 0 0
0 0 -1 0 0 0 0 0 1 0 0 0 0 0
0 0 0 1 0 0 0 0 0 -1 0 0 0 0
0 0 0 -1 0 0 0 0 0 1 0 0 0 0
0 0 0 0 1 0 0 0 0 0 -1 0 0 0
0 0 0 0 -1 0 0 0 0 0 1 0 0 0
0 0 0 0 0 1 0 0 0 0 0 -1 0 0
0 0 0 0 0 -1 0 0 0 0 0 1 0 0
0 0 0 0 0 0 1 0 0 0 0 0 -1 0
0 0 0 0 0 0 -1 0 0 0 0 0 1 0

FACETS

AFFINE_HULL
0 1 0 0 0 0 0 1 0 0 0 0 0 0
0 0 1 0 0 0 0 0 1 0 0 0 0 0
0 0 0 1 0 0 0 0 0 1 0 0 0 0
0 0 0 0 1 0 0 0 0 0 1 0 0 0
0 0 0 0 0 1 0 0 0 0 0 1 0 0
0 0 0 0 0 0 1 0 0 0 0 0 1 0
0 0 0 0 0 0 0 0 0 0 0 0 0 1

FEASIBLE

!POINTED

FAR_FACE
{0 1 2 3 4 5 6 7 8 9 10 11}

VERTICES_IN_INEQUALITIES
{0 1 2 3 4 5 6 7 8 9 10 11}
{0 1 2 3 4 5 6 7 8 9 10 11}
{0 1 2 3 4 5 6 7 8 9 10 11}
{0 1 2 3 4 5 6 7 8 9 10 11}
{0 1 2 3 4 5 6 7 8 9 10 11}
{0 1 2 3 4 5 6 7 8 9 10 11}
{0 1 2 3 4 5 6 7 8 9 10 11}
{0 1 2 3 4 5 6 7 8 9 10 11}
{0 1 2 3 4 5 6 7 8 9 10 11}
{0 1 2 3 4 5 6 7 8 9 10 11}
{0 1 2 3 4 5 6 7 8 9 10 11}
{0 1 2 3 4 5 6 7 8 9 10 11}
{0 1 2 3 4 5 6 7 8 9 10 11}
{0 1 2 3 4 5 6 7 8 9 10 11}


_version 2.0
_application polytope
